1 0.7716025752464972 0.08595440542505177 0.0361734411211809 0.04101058731761793
1 0.7707613324297253 0.22265636315044482 0.03785592675472415 0.08517583519812949
1 0.8473144287559455 0.08385129838312264 0.0361734411211809 0.04311369435954705
1 0.8485762929811032 0.22370791667140943 0.03869716957149592 0.0872789422400587
1 0.7716025752464971 0.3882760427023634 0.037855926754724295 0.08412428167716499
1 0.8489969143894889 0.3882760427023634 0.037855926754724295 0.08833049576102325
0 0.731222920041458 0.5097304743737703 0.11525026589771613 0.06835097886269657
1 0.8481556715727172 0.5512668384518705 0.03953841238826769 0.08622738871909405
1 0.4552952761403568 0.7111029736384838 0.12198020843188914 0.11567088730610195
0 0.3619173234787037 0.7137318574408954 0.05972823999078713 0.1146193337851372
0 0.7993635881999615 0.8725164391065442 0.06814066815850353 0.09779447744970426
