0 0.07882256056689414 0.23354134738567273 0.06167890535528393 0.058999175992962234
0 0.21015269464806421 0.3131537132170407 0.04866693981323593 0.06241377021502661
0 0.2616638062685672 0.2562702770716999 0.025281527175706985 0.04819291117869142
0 0.1641011952094582 0.499411635171778 0.0413852127076348 0.05351536125987259
0 0.17623134376169602 0.5391021947728502 0.019265530053554122 0.02408191256694259
0 0.23599016383522042 0.4985197124841135 0.04245551993283225 0.05351536125987259
0 0.21872374508447462 0.7585745281114988 0.06903228548770614 0.03897279166245852
0 0.47619127673307415 0.2973527587322237 0.04234655801930913 0.029231765796911162
0 0.4916762121281947 0.3684570539138996 0.011376687229068167 0.03713224303931966
0 0.47770489183210835 0.5493658144868052 0.04178764822430907 0.05401528392630865
0 0.712285553454934 0.4567681848988477 0.07027922655906536 0.05520243302359013
0 0.9593995008729723 0.5101898942765155 0.031815595807144346 0.04926668753718246
0 0.47273402789179614 0.7122226196855753 0.04588597182390821 0.021031070419291212
0 0.2838367772167076 0.7466370985535065 0.04282690703564761 0.02294298591195414
0 0.08871287885955578 0.7973028591090717 0.04282690703564763 0.022942985911953998
